0.259
0.275
0.283
0.304
0.329
0.342
0.357
0.332
0.349
0.364
0.37
0.399
0.383
0.399
0.399
0.434
0.431
0.431
0.468
0.479
0.497
0.475
0.485
0.484
0.501
0.538
0.507
0.537
0.534
0.56
0.577
0.574
0.567
0.569
0.595
0.599
0.596
0.608
0.628
0.649
0.653
0.637
0.656
0.661
0.666
0.682
0.701
0.702
0.708
0.71
0.775
0.763
0.75
0.758
0.756
0.79
0.768
0.824
0.786
0.812
0.828
0.822
0.822
0.872
0.862
0.89
0.899
0.892
0.926
0.925
1.051
1.76
1.824
1.809
1.83
1.86
1.869
1.744
1.756
1.881
1.951
1.869
1.956
1.803
1.924
1.991
2.019
2.004
1.059
1.099
1.092
1.098
1.106
1.083
1.115
1.127
1.147
1.237
1.245
2.225
2.163
2.091
2.158
2.285
2.411
2.256
2.33
2.318
2.255
2.302
1.287
1.263
1.285
1.317
1.336
1.313
1.362
1.314
1.339
1.361
1.317
1.372
1.393
1.355
1.384
1.376
1.405
1.399
1.414
1.429
1.414
1.445
1.454
1.449
1.452
1.48
1.496
1.497
1.484
1.496
1.499
1.54
1.543
1.527
1.554
1.561
1.557
1.592
1.585
1.602
1.578
1.624
1.609
1.62
1.632
1.65
1.668
1.662
1.732
1.74
1.697
1.709
1.702
1.748
1.758
1.871
1.883
2.844
3.316
1.931
1.884
3.328
1.788
1.842
1.785
1.909
1.865
3.182
3.704
3.726
3.731
3.721
3.76
3.747
3.781
3.806
3.816
3.832
3.835
3.911
3.89
3.9
3.946
3.941
3.967
3.981
4.006
3.969
3.919
