0.0108237
0.0117197
0.0124908
0.0132741
0.0140349
0.0146985
0.0147784
0.014378
0.0146831
0.0147917
0.0154102
0.0155607
0.0152074
0.0156078
0.0160512
0.0164127
0.0168724
0.0174633
0.017705
0.0181248
0.0185457
0.0189553
0.0193884
0.0198636
0.0201533
0.0207544
0.0212736
0.0214426
0.0217037
0.0221112
0.0224113
0.0226007
0.0229038
0.02338
0.0238305
0.024321
0.0245883
0.0251279
0.0254607
0.0257536
0.0260915
0.0269988
0.0268473
0.0272118
0.0275436
0.0278794
0.028245
0.0286843
0.0290796
0.0293857
0.0296428
0.0300861
0.0303596
0.0307118
0.0309494
0.0313139
0.0317686
0.0321239
0.0325007
0.0330035
0.0334705
0.033878
0.0343603
0.0347884
0.0352225
0.0356813
0.0362834
0.0365814
0.0370985
0.0374149
0.0379597
0.038526
0.0389417
0.0393411
0.0397117
0.0400343
0.0403436
0.040661
0.0411556
0.0416604
0.0420639
0.0425236
0.0429926
0.0433439
0.0438149
0.0442819
0.0446986
0.0451072
0.0454943
0.045952
0.0462756
0.0468275
0.0471849
0.0475617
0.0479283
0.0481946
0.0487229
0.0489165
0.0492349
0.0496886
0.0500593
0.0504525
0.050774
0.0511928
0.0515052
0.0519004
0.0522977
0.05261
0.0529572
0.0533074
0.0536699
0.0540283
0.0543949
0.0547584
0.0551178
0.0554424
0.0557937
0.0561961
0.0565545
0.0568965
0.0573041
0.0576051
0.057984
0.0584479
0.0587909
0.0591903
0.0596439
0.0600627
0.0604006
0.0608686
0.0612219
0.0615844
0.0620093
0.0624036
0.0628972
0.0631972
0.0636518
0.0640614
0.0643891
0.0648161
0.0651172
0.065579
0.0659057
0.0662835
0.0667361
0.0671048
0.0675645
0.0679772
0.068478
0.0686971
0.0691507
0.0695439
0.0698604
0.0702874
0.0706427
0.0709673
0.0716124
0.0718561
0.0722842
0.0726088
0.0730204
0.0733768
0.0737587
0.0741059
0.074494
0.0749496
0.0751708
0.0756245
0.0760392
0.0763658
0.0767939
0.0772127
0.0775414
0.0779612
0.0782602
0.0786197
0.0790354
0.0794593
0.0797358
0.0801587
0.0805345
0.0809062
0.0812268
0.0816456
0.0819671
0.0824156
0.0827034
0.083115
0.0834929
0.0839014
0.0842312
0.0846305
0.0850606
0.0854999
0.0858716
0.0862392
0.0865935
0.0869202
0.0872724
