0.00526029
0.00572314
0.00618701
0.00658944
0.00696115
0.00731238
0.00765542
0.00798822
0.00831181
0.00863642
0.00894874
0.00926413
0.00957338
0.00987955
0.0101888
0.0104991
0.0108032
0.0110981
0.0105114
0.0105257
0.0107919
0.0110725
0.0113357
0.0115907
0.0118753
0.0121436
0.0124109
0.0126904
0.0123218
0.0122593
0.0124948
0.0127468
0.0130212
0.0132475
0.0135055
0.0137646
0.0140022
0.0142541
0.0145193
0.0147661
0.0150088
0.0152596
0.015486
0.0157839
0.0160143
0.0162662
0.0165253
0.0167537
0.0170127
0.0172442
0.0175319
0.0177869
0.0180378
0.01826
0.0185027
0.0187453
0.0190126
0.019242
0.0195195
0.0197919
0.0200561
0.0202629
0.0205066
0.0207575
0.0210022
0.0212552
0.0215224
0.0217938
0.0220221
0.0222351
0.0225014
0.0227246
0.0229837
0.0232335
0.0235244
0.0237292
0.023978
0.0242586
0.0244726
0.0247542
0.025001
0.0252457
0.0255222
0.0257454
0.0260209
0.0262482
0.026498
0.0267254
0.0270111
0.0272415
0.0274924
0.0277596
0.0279542
0.0281897
0.0284795
0.0286863
0.0289546
0.0291727
0.0294236
0.0297247
0.0299776
0.0301988
0.0304527
0.0306913
0.0309647
0.0311552
0.0313836
0.0316682
0.0318986
0.0321659
0.0323287
0.0326646
0.0329185
0.0332083
0.0333957
0.0336364
0.0338145
0.0341309
0.0345631
0.0346532
0.0349297
0.0350607
0.0353936
0.0355338
0.0358728
0.0361359
0.0363766
0.0365466
0.0367903
0.03712
0.0372879
0.0374723
0.0378604
0.0379843
0.038273
0.03853
0.0405596
0.0406907
0.0408914
0.0412232
0.0416635
0.0417341
0.0420618
0.0423301
0.0427008
0.0428411
0.0449331
0.0452157
0.0454062
0.0457155
0.045954
0.0478833
0.0481905
0.0483584
0.0488049
0.0499139
0.0501023
0.050516
0.0508334
0.0512543
0.0514693
0.0517724
0.0519209
0.052224
0.0504607
0.0509051
0.0510269
0.0513812
0.051668
0.0483297
0.0486728
0.0489656
0.0490906
0.0493466
0.0491817
0.0494387
0.0497234
0.0499364
0.05005
0.0484106
0.0487967
0.04894
0.0491602
0.049535
0.0460022
0.0462326
0.0466248
0.0466565
0.0469033
0.0470784
0.0472955
0.0474685
0.0477686
0.0428626
0.0428237
0.0430797
0.0433111
0.0433756
0.0373627
